623
560
725
560
827
560
929
560
1031
560
1133
560
1235
560
1337
560
1439
560
623
650
725
650
827
650
929
650
1031
650
1133
650
1235
650
1337
650
1439
650
623
745
725
745
827
745
929
745
1031
745
1133
745
1235
745
1337
745
1439
745
623
840
725
840
827
840
929
840
1031
840
1133
840
1235
840
1337
840
1439
840
585
582
715
582
817
582
919
582
1021
582
1123
582
1225
582
1327
582
1429
582
585
673
715
673
817
673
919
673
1021
673
1123
673
1225
673
1327
673
1429
673
585
768
715
768
817
768
919
768
1021
768
1123
768
1225
768
1327
768
1429
768
585
863
715
863
817
863
919
863
1021
863
1123
863
1225
863
1327
863
1429
863
590
910
780
672
1060
672
1340
672
780
892
1060
892
1340
892
